30.493
7.172
6.962
6.162
7.531
6.592
7.841
5.832
8.309
6.769
6.132
7.225
6.991
6.217
6.728
7.723
7.296
6.082
6.287
6.662
6.043
7.186
6.686
6.020
6.414
7.918
6.113
6.209
6.790
6.489
6.963
5.798
7.121
6.215
6.264
6.286
6.131
6.937
7.706
7.063
8.546
6.763
7.745
6.978
7.367
5.535
6.626
6.069
6.204
8.358
6.657
6.145
6.200
6.629
5.605
7.991
7.276
6.315
6.786
6.418
7.035
7.673
8.554
6.765
6.082
6.769
6.449
6.911
6.257
6.877
7.272
6.965
6.105
6.714
5.736
5.773
6.425
5.896
6.133
7.581
7.380
6.553
6.523
6.454
6.113
5.782
7.487
5.778
7.213
7.034
7.424
5.909
7.098
8.104
6.551
6.387
6.599
7.937
6.323
7.439
6.462
5.996
6.836
7.110
7.518
7.903
6.066
5.730
5.969
6.475
6.229
5.465
6.946
7.047
6.822
5.338
7.706
8.641
6.438
7.218
7.340
6.339
6.317
5.781
6.350
7.885
7.009
8.145
6.143
6.170
6.568
6.374
5.942
6.464
6.544
7.037
5.806
5.757
7.281
6.612
6.385
5.500
7.489
5.947
6.759
7.068
7.012
6.754
6.546
7.889
7.107
5.644
6.491
7.074
6.277
5.409
5.876
5.542
6.754
8.372
5.630
6.697
6.581
6.579
6.368
7.052
8.071
6.632
5.911
5.990
7.340
6.006
7.828
7.022
6.969
6.547
6.733
7.427
6.836
6.066
7.249
7.213
5.953
6.838
5.728
6.476
6.298
7.149
7.034
6.787
5.349
6.727
7.383
6.098
5.552
6.833
5.883
6.141
5.981
6.403
6.676
6.777
5.309
5.541
6.367
6.658
6.679
6.089
5.697
5.700
6.046
6.357
6.113
7.167
6.314
6.704
6.036
6.783
6.571
6.096
7.664
5.834
7.793
7.359
9.013
6.419
6.482
6.485
7.559
8.385
5.877
6.247
6.323
6.171
6.519
6.278
6.035
8.531
5.626
6.302
6.511
6.989
7.553
6.744
8.149
5.908
6.729
6.659
8.596
6.764
6.061
7.579
5.844
8.841
6.934
6.571
6.857
6.046
7.854
6.563
6.066
7.407
7.560
6.885
6.717
5.824
6.265
7.497
6.333
6.347
7.436
7.392
6.048
6.548
5.671
6.992
6.261
6.978
8.669
6.471
6.456
7.467
5.850
7.260
8.501
6.162
6.225
5.654
6.310
6.563
7.871
8.723
5.872
6.654
6.310
6.859
7.389
6.877
6.169
7.257
8.037
6.884
6.215
6.841
6.008
5.846
7.103
6.693
6.733
6.223
6.471
6.694
5.605
7.258
9.170
6.108
8.003
6.611
6.684
7.341
7.089
8.181
5.772
7.980
6.275
7.560
7.657
6.372
6.026
5.767
6.043
7.123
6.971
6.940
7.038
6.329
6.574
6.257
6.621
8.146
8.079
6.555
7.047
6.550
6.091
7.709
6.911
6.509
8.054
5.928
7.435
6.576
8.974
6.925
5.716
6.244
5.985
7.530
6.619
6.224
7.211
6.500
6.291
5.503
6.043
6.550
5.828
7.052
6.926
6.937
6.931
6.860
6.294
7.189
6.877
6.359
6.653
6.640
6.531
7.142
7.265
6.857
6.871
6.879
6.391
7.771
8.339
6.817
7.211
6.979
6.686
6.090
7.831
6.618
6.795
6.533
5.985
6.813
6.405
6.342
6.225
6.843
6.839
7.237
8.190
7.679
7.968
7.822
6.315
7.273
6.181
6.145
6.533
7.104
7.639
7.065
7.855
7.270
8.584
7.273
6.731
7.737
6.709
5.514
6.086
6.388
5.699
6.297
5.546
6.730
7.113
6.124
6.614
6.162
7.188
6.757
6.410
7.509
6.201
5.859
6.071
6.502
6.762
5.706
5.931
6.868
6.386
6.027
5.842
6.391
6.348
5.884
5.990
6.263
5.864
7.482
6.106
6.948
6.590
6.397
7.769
6.023
5.963
6.262
6.399
7.706
8.008
6.418
6.171
5.833
7.168
5.907
7.588
8.162
5.968
5.810
6.072
5.810
7.338
6.922
5.876
7.205
7.482
6.611
8.639
5.660
6.477
6.059
6.532
5.769
6.453
6.585
5.896
5.895
5.794
6.633
6.523
6.322
5.887
5.988
8.282
6.802
8.395
7.165
6.039
6.626
7.977
7.475
6.572
6.621
5.909
7.435
7.240
5.731
5.650
7.554
7.772
7.334
7.083
6.474
5.161
6.137
7.258
6.457
6.377
7.270
5.800
7.003
6.095
5.662
5.458
6.921
6.969
7.090
6.699
8.184
7.748
6.888
6.014
7.365
6.742
5.860
7.694
8.003
6.003
6.772
6.307
5.578
8.259
7.502
6.749
10.076
6.257
8.150
5.848
6.835
7.066
5.722
7.749
5.529
7.381
8.018
7.247
6.104
5.990
6.437
6.534
7.773
7.687
6.264
6.385
9.729
8.268
8.536
7.019
7.008
5.962
6.026
6.773
5.450
6.563
7.964
6.061
5.247
6.005
5.841
7.205
5.342
6.476
7.238
6.091
5.706
7.183
5.870
6.154
7.644
5.767
5.488
6.677
7.102
5.941
7.188
5.880
8.157
7.238
6.777
7.730
6.829
6.186
5.877
5.867
6.331
7.340
6.438
8.029
5.954
6.280
6.554
7.497
5.996
7.200
5.757
6.423
7.554
6.408
8.577
5.466
5.806
6.085
5.390
6.800
5.725
7.914
6.581
7.574
9.496
5.809
6.302
6.388
5.912
8.080
7.969
5.691
7.533
6.498
6.941
5.789
5.868
5.941
5.200
6.316
7.281
5.742
8.406
6.273
5.791
5.751
6.207
6.437
6.252
7.553
7.957
5.750
7.798
5.441
6.101
5.726
6.005
6.973
5.907
6.700
6.178
6.656
6.429
7.583
7.041
7.795
6.915
6.286
6.215
5.707
6.566
6.434
5.741
5.525
8.016
5.858
6.287
6.507
5.920
5.792
5.852
6.765
6.719
6.648
6.266
6.086
7.183
8.212
7.719
6.671
7.051
5.953
5.851
6.679
6.453
6.603
6.287
7.251
6.914
6.730
5.451
6.520
6.221
6.083
7.253
5.813
6.634
8.420
6.128
5.805
6.801
7.985
5.879
5.865
6.244
5.528
6.889
6.849
8.242
6.548
6.515
7.336
6.519
6.127
6.595
7.338
7.398
7.427
5.980
5.773
8.252
7.960
6.549
6.180
6.528
6.286
6.359
8.243
6.633
7.071
5.915
5.481
5.741
8.492
6.282
6.675
6.306
6.958
5.691
8.094
9.488
7.613
7.169
7.328
10.171
5.915
6.594
6.946
5.584
5.435
6.159
7.220
6.729
7.200
5.330
6.761
6.106
6.301
5.869
7.479
6.562
6.042
7.869
5.933
7.734
7.858
6.171
6.498
6.426
6.764
6.754
5.139
6.218
6.578
6.443
6.612
7.142
6.111
6.759
7.796
8.389
6.551
7.131
6.325
7.883
7.879
7.358
6.239
6.132
6.749
6.487
6.474
5.559
6.117
7.720
7.226
6.249
7.961
5.692
6.841
7.018
8.289
7.133
9.422
7.522
6.870
8.331
6.068
6.081
7.220
7.717
5.884
7.457
6.479
5.926
6.628
5.953
6.820
5.351
6.256
5.979
5.434
6.567
6.765
7.794
6.668
6.325
7.196
6.182
6.763
6.616
5.693
8.661
6.350
6.211
5.785
6.771
6.330
6.399
7.551
5.551
6.052
7.402
7.305
6.442
7.417
5.726
7.058
5.742
5.491
6.645
7.308
5.739
6.439
5.972
6.505
6.610
6.178
5.999
7.055
6.597
6.028
7.482
6.006
8.041
6.061
5.799
5.787
8.075
6.049
6.341
7.982
8.090
6.405
7.725
5.789
6.356
6.644
6.471
5.906
6.655
6.937
7.570
6.193
6.252
8.856
6.285
5.729
7.367
6.568
6.172
6.222
7.410
6.237
8.273
6.443
7.186
6.165
6.339
7.256
5.815
7.022
6.255
6.348
6.104
6.792
7.887
8.169
5.541
7.677
6.234
7.422
8.150
6.447
5.868
6.833
6.264
8.212
6.198
6.667
6.508
5.911
7.943
5.461
7.544
6.108
7.844
6.930
6.575
7.557
6.972
7.108
6.859
6.924
7.457
8.877
5.685
6.735
6.967
6.486
6.127
6.121
5.773
5.398
5.829
8.571
5.656
7.526
6.757
6.337
6.337
6.483
6.131
5.877
6.521
6.147
6.511
6.322
6.512
6.414
5.501
8.200
6.582
7.919
7.116
7.362
7.010
5.978
6.598
6.079
6.122
8.039
7.511
6.194
6.116
5.652
6.398
7.173
5.798
7.218
6.295
6.281
7.417
6.509
6.109
7.117
6.139
8.347
5.710
7.373
8.249
6.747
5.484
6.393
6.833
6.737
7.297
6.183
5.805
6.711
8.184
6.624
5.712
5.898
7.452
7.583
7.556
6.338
5.892
7.595
5.946
5.607
5.659
6.599
5.773
6.117
6.547
6.411
7.122
6.343
6.266
7.601
5.635
5.635
6.283
6.401
5.725
8.038
6.039
5.819
6.308
7.169
8.922
6.041
6.535
8.453
5.588
7.473
8.060
5.944
6.261
6.005
6.647
6.061
5.662
6.060
7.716
6.273
5.546
6.422
6.609
7.665
6.163
5.687
7.177
5.766
6.387
6.410
5.343
7.956
5.791
6.380
5.771
6.283
5.279
9.192
7.111
5.951
6.204
6.550
7.809
6.188
5.803
6.240
5.721
7.799
5.980
5.890
6.026
7.149
5.547
5.941
5.684
5.627
7.438
5.865
7.132
7.900
7.521
5.575
6.266
5.842
6.535
6.419
5.926
5.852
6.035
7.417
6.717
7.414
6.475
6.313
6.370
7.706
6.458
5.922
5.601
6.744
5.774
8.235
6.138
6.273
5.853
7.083
7.833
5.926
7.118
9.666
6.543
7.285
5.493
7.769
7.968
7.082
7.365
7.056
7.694
5.531
5.691
5.765
6.679
6.305
5.800
5.663
6.304
8.567
6.114
6.158
7.640
7.346
5.621
6.015
5.389
7.519
7.443
6.081
6.379
6.909
5.773
7.559
5.655
5.761
5.669
5.969
7.436
5.543
6.365
6.697
7.958
8.462
7.722
6.182
5.772
7.660
6.153
6.202
5.981
7.700
6.549
7.229
5.601
6.163
8.068
5.714
6.601
5.973
6.831
8.715
7.406
7.318
5.897
6.430
7.749
7.712
7.274
6.154
7.053
5.484
6.053
7.333
6.071
7.964
6.050
5.811
6.552
5.852
7.947
6.437
8.415
6.305
8.406
7.869
6.435
6.494
5.818
6.366
6.465
5.980
5.845
8.243
6.319
6.044
6.884
7.459
6.096
5.673
6.404
5.787
8.055
6.287
7.742
5.911
6.920
6.343
6.344
6.457
6.131
5.661
7.124
8.960
6.277
5.825
6.939
6.143
6.069
7.939
6.170
7.863
6.526
6.347
6.379
6.228
5.787
6.193
5.606
6.477
5.909
6.636
6.045
6.352
6.170
6.410
6.312
6.554
6.617
6.942
6.553
5.766
5.698
6.140
6.496
5.678
6.253
7.272
6.008
6.857
6.384
5.683
6.077
7.654
5.886
6.801
6.826
6.052
5.697
6.180
7.144
6.649
6.775
8.215
6.419
8.082
6.129
7.034
6.382
6.294
6.125
7.199
7.969
6.789
6.252
6.303
5.748
7.310
5.743
6.915
6.070
6.869
6.070
7.041
6.897
7.270
7.618
6.035
5.586
6.197
6.374
7.086
5.988
5.827
6.512
6.575
5.739
5.767
7.401
5.491
5.408
5.203
6.421
5.779
5.766
6.194
5.834
6.633
5.728
5.845
6.608
7.886
6.314
8.646
6.575
7.989
5.992
7.088
5.955
6.492
6.383
7.373
6.366
7.725
5.788
8.040
6.156
5.950
7.837
6.876
6.663
6.327
7.800
5.675
8.129
6.215
5.857
6.563
6.183
5.685
6.592
6.327
6.672
8.379
7.838
5.725
6.004
6.009
6.861
7.867
6.610
6.156
6.244
5.868
8.082
7.184
6.012
6.039
6.158
6.262
6.505
7.084
8.585
5.441
6.128
6.341
6.401
5.995
5.609
5.835
7.838
8.394
7.832
5.836
7.032
6.767
8.360
6.412
5.983
5.680
6.562
6.065
6.294
6.205
6.514
6.543
7.200
7.769
8.148
6.166
6.652
6.498
6.188
5.759
6.110
6.901
5.976
6.632
5.843
5.747
7.779
6.706
5.767
6.466
7.774
5.966
5.947
7.741
8.299
7.575
6.120
6.139
6.084
6.946
5.973
5.737
5.408
7.596
6.673
6.219
5.993
5.728
7.146
6.030
5.507
5.609
6.803
6.317
5.453
6.539
7.177
8.549
6.130
7.706
8.082
6.122
5.981
6.828
7.132
7.215
6.447
7.297
6.139
8.142
7.617
7.609
5.458
7.190
8.072
5.908
5.992
5.789
6.833
8.102
6.768
5.962
6.815
6.563
6.068
7.547
8.059
6.353
7.422
6.776
6.813
7.256
6.109
6.271
6.055
7.314
5.757
7.595
6.036
8.643
7.993
5.939
8.451
6.452
7.115
6.408
8.653
10.375
7.610
5.732
5.659
6.388
7.664
7.398
5.733
4.880
5.403
7.726
7.508
5.983
5.654
7.505
7.136
8.467
5.598
6.453
6.420
5.517
5.814
6.458
5.671
6.949
6.197
8.138
7.435
6.042
6.158
8.107
7.490
5.559
5.956
6.047
7.193
5.694
7.527
5.593
7.977
6.425
5.806
6.256
6.018
6.501
6.286
7.157
5.561
5.389
6.093
6.595
5.742
7.471
5.914
7.531
6.292
6.594
6.001
6.225
7.570
6.384
7.023
5.934
6.530
6.708
8.301
7.404
7.658
7.432
6.832
6.764
6.222
6.511
6.347
7.242
6.020
6.497
8.243
6.452
5.831
5.483
6.156
6.888
6.531
6.633
6.226
6.652
5.741
6.066
7.989
5.674
6.963
6.422
7.542
8.403
7.746
6.135
8.078
5.722
7.947
8.002
7.945
5.718
5.100
6.015
7.326
6.216
6.369
6.928
5.696
6.408
5.906
6.131
7.633
6.048
6.166
8.536
9.378
7.489
7.347
6.574
6.932
5.834
5.588
5.842
6.222
6.834
5.918
6.092
7.053
6.148
7.327
7.256
6.180
5.809
7.479
6.640
7.954
7.388
6.169
5.757
7.141
6.151
5.518
5.918
7.105
6.491
7.007
7.038
8.861
7.251
7.338
6.020
6.283
5.567
6.627
5.796
6.097
5.350
7.753
6.287
7.692
6.285
6.300
5.115
6.796
8.007
5.943
6.336
6.595
5.661
6.903
8.156
6.031
6.241
6.477
6.257
6.456
5.961
7.861
7.680
7.974
6.011
6.350
6.631
7.330
5.398
7.532
6.029
9.562
9.230
6.709
7.456
7.731
7.998
6.477
5.996
7.086
6.438
7.967
5.855
7.038
7.644
5.625
7.495
5.824
8.376
7.329
7.571
8.050
