51.654
11.128
16.299
15.231
14.250
14.590
14.039
13.340
11.928
10.739
11.353
12.242
10.728
14.696
13.196
15.595
14.036
12.137
12.063
11.453
12.749
11.342
11.197
11.797
11.274
12.838
12.808
15.957
14.546
13.583
15.598
12.551
11.425
12.773
11.972
12.653
11.036
11.857
14.267
12.544
20.167
15.179
12.123
12.062
12.670
11.919
16.058
11.561
10.381
16.216
16.895
12.743
12.325
10.985
14.409
14.309
13.735
17.216
13.569
14.816
13.815
12.104
10.543
13.478
13.430
11.703
15.814
13.639
14.275
14.274
13.883
14.676
14.121
16.516
14.922
11.996
11.445
13.157
11.188
11.703
11.009
14.072
14.308
13.724
12.597
10.827
17.712
13.763
18.208
14.352
20.861
13.522
10.801
12.001
11.172
12.653
11.228
12.836
10.559
13.763
15.095
16.305
14.463
13.249
10.526
12.537
10.940
11.997
10.701
14.361
17.122
12.492
11.222
13.268
14.007
11.463
11.468
13.108
111.420
15.480
10.486
11.660
11.493
10.977
11.181
11.835
12.716
13.064
10.316
12.076
10.301
11.463
10.514
10.002
10.155
10.705
9.919
10.499
10.078
10.473
10.565
10.510
10.032
10.179
11.529
10.288
9.938
11.170
10.195
10.458
9.896
10.128
10.652
10.422
10.414
10.947
10.165
10.525
10.109
10.926
10.135
11.865
10.074
11.079
9.960
10.572
9.750
9.969
10.588
9.848
10.278
10.730
10.252
10.100
10.058
10.548
10.523
11.338
11.771
11.420
10.256
12.467
10.074
10.668
9.778
10.371
10.239
10.169
10.049
9.807
10.554
10.207
12.571
10.877
11.772
10.762
13.253
9.576
11.372
9.966
10.086
10.027
10.420
10.376
10.038
10.639
10.245
9.736
10.038
11.222
10.567
9.711
11.920
10.610
11.459
14.760
12.493
11.567
10.253
11.310
11.854
11.546
10.482
10.877
11.582
11.784
10.801
10.258
11.055
10.386
10.570
9.977
10.729
10.113
10.790
10.342
13.404
11.006
10.903
12.071
10.486
10.081
11.102
10.690
10.405
10.765
11.441
11.602
10.928
10.504
11.163
11.615
12.095
13.766
11.417
12.153
11.074
11.596
12.343
10.806
11.084
12.036
10.716
10.637
12.856
10.591
11.153
11.236
11.850
11.989
10.435
10.679
12.700
11.339
11.883
11.283
9.965
10.392
9.947
10.648
11.904
10.486
10.688
10.843
10.737
11.042
10.696
10.681
10.201
9.976
10.633
10.149
11.063
10.767
9.475
10.232
9.444
11.222
10.301
9.368
9.756
9.923
10.434
10.306
10.342
10.555
10.987
11.171
10.561
10.322
11.563
11.024
11.319
10.143
11.563
11.785
11.452
10.244
11.172
13.634
10.317
11.045
9.918
10.172
11.125
10.002
10.549
10.843
10.749
10.441
10.406
11.327
11.254
10.863
10.462
11.191
11.253
9.640
10.919
10.554
11.863
10.356
10.561
10.258
11.195
10.775
12.430
9.755
11.469
10.800
11.795
11.970
11.654
10.570
11.109
9.313
10.881
11.154
12.102
10.749
10.753
11.136
12.478
10.722
11.475
10.068
9.835
11.114
11.992
10.593
11.055
11.383
11.693
13.024
11.409
9.732
11.398
12.981
11.852
13.425
13.988
11.843
13.021
12.343
11.631
10.107
10.952
10.190
10.164
11.083
10.474
10.170
10.167
10.102
11.016
10.204
13.524
9.750
12.853
12.525
9.600
12.024
10.737
11.820
9.948
11.339
11.371
12.165
11.158
10.436
11.601
10.804
10.976
10.874
10.240
10.254
11.580
10.442
10.401
11.754
9.689
10.770
10.911
13.356
10.503
9.838
11.180
9.734
10.904
10.009
10.366
11.434
9.901
9.987
11.377
12.435
9.523
11.414
11.296
12.159
13.221
12.445
10.885
10.875
10.806
12.379
11.870
11.283
11.411
10.504
11.086
11.634
10.868
10.067
11.321
10.858
11.392
10.156
11.866
10.653
10.320
13.540
10.370
11.614
13.637
9.474
11.419
10.317
13.457
10.690
13.985
10.656
11.818
11.327
10.263
12.407
12.560
11.822
12.806
12.124
11.196
12.564
11.757
12.376
10.936
12.298
11.451
11.488
12.373
13.444
11.352
11.238
11.745
11.899
11.507
10.351
13.282
9.442
10.318
10.909
10.156
11.770
11.203
11.961
10.176
11.497
11.894
10.500
11.456
12.518
10.974
11.593
12.162
10.621
10.939
12.813
13.502
11.352
12.754
10.587
12.611
12.239
10.619
11.859
11.259
10.570
12.791
11.031
10.574
10.566
10.385
12.754
10.431
10.507
9.946
10.952
10.867
10.776
10.736
10.750
10.403
10.689
10.572
11.486
9.863
10.849
9.732
10.028
10.285
10.132
10.481
11.081
11.032
11.374
9.655
10.538
9.585
11.540
9.517
9.904
11.132
10.135
10.275
11.492
15.967
15.551
11.687
11.252
10.729
10.029
11.656
10.202
10.471
10.421
10.373
10.464
11.259
11.083
10.425
11.272
11.225
10.642
10.841
10.213
10.927
10.286
13.191
13.480
11.520
9.641
11.125
9.964
10.712
10.252
11.235
14.292
10.160
10.316
11.149
9.711
11.188
11.734
11.352
11.121
10.041
10.363
11.650
12.471
10.446
11.178
10.988
10.731
11.379
10.127
9.909
10.874
9.539
10.113
11.691
10.366
9.996
13.303
9.929
10.955
10.918
11.286
9.692
10.157
10.506
10.814
9.784
10.631
11.464
9.489
10.591
10.598
11.465
10.218
10.660
10.707
10.032
11.012
10.975
9.792
10.022
10.507
11.618
15.050
10.786
10.021
10.458
10.011
11.204
11.511
10.705
10.482
11.527
10.431
10.059
10.636
10.935
11.191
9.518
10.671
10.641
10.625
10.911
10.078
11.165
13.378
13.363
11.399
10.339
11.035
11.146
10.660
10.519
10.450
10.423
9.949
10.650
10.216
11.112
10.265
14.429
11.038
10.260
9.980
10.903
10.978
11.703
9.784
11.840
9.475
11.965
11.075
10.518
10.629
10.962
9.877
10.734
11.650
12.836
11.303
11.647
10.332
11.020
14.766
10.077
11.013
11.267
10.242
10.221
10.379
9.729
10.764
9.845
10.836
12.115
11.273
11.130
10.119
11.098
10.647
9.989
10.578
10.271
10.041
11.229
10.361
10.227
10.701
11.122
12.327
10.423
14.838
10.353
10.199
13.369
11.034
11.631
10.499
16.722
11.331
10.584
10.728
11.350
11.099
9.809
10.629
11.013
14.635
10.012
10.819
9.685
10.134
11.154
10.643
11.238
13.917
11.000
9.492
10.336
10.963
10.600
10.049
10.864
11.395
9.984
11.942
10.654
11.039
10.334
11.355
13.518
9.930
11.970
9.471
10.299
11.244
11.211
10.129
10.832
10.769
9.995
11.050
11.046
10.031
11.119
10.575
10.502
9.975
10.729
10.857
10.844
10.422
10.419
11.051
10.916
9.820
13.312
10.839
9.950
10.713
10.435
9.822
11.337
10.287
10.787
10.147
10.362
9.982
10.695
9.952
10.165
10.081
10.128
10.790
10.224
13.656
10.683
11.378
10.396
10.379
10.259
10.338
11.118
10.558
10.939
14.920
10.710
11.284
13.315
13.980
10.528
12.749
13.473
12.266
10.101
11.019
13.463
10.712
11.055
10.438
12.405
10.364
10.189
14.588
10.357
9.708
12.098
13.211
10.424
10.885
13.310
10.751
10.165
10.720
10.085
10.264
11.135
10.171
12.434
10.306
10.718
10.438
10.205
10.568
9.759
10.367
10.555
