42.779
15.086
16.175
25.536
23.926
17.209
21.008
21.373
16.913
17.387
16.487
16.136
15.447
17.081
16.866
20.699
16.946
17.270
16.066
15.404
17.495
18.009
15.715
15.386
17.985
15.529
16.122
16.900
17.060
17.293
16.480
20.190
16.279
19.920
16.886
21.368
16.915
15.554
16.056
16.421
17.054
16.532
21.477
16.655
16.040
18.031
16.766
23.172
17.439
16.994
16.377
17.471
15.687
17.612
17.031
20.431
17.503
17.058
17.852
21.130
15.391
15.130
21.216
15.917
19.629
21.563
16.865
20.369
15.786
15.773
16.217
17.766
17.095
16.384
17.438
19.972
20.214
18.059
17.457
17.724
18.537
16.929
17.627
15.670
18.105
15.336
19.602
15.186
17.392
18.086
17.254
16.128
16.235
17.411
18.188
18.350
16.584
17.038
14.997
17.726
17.666
15.681
16.514
16.320
16.511
22.523
21.478
20.601
22.048
20.704
18.581
16.143
16.652
17.840
16.443
16.981
16.629
18.011
19.157
16.690
18.272
16.808
15.291
15.570
16.618
17.284
16.107
21.747
15.331
15.395
16.128
18.224
18.529
15.542
16.096
22.851
17.466
18.063
17.827
21.422
18.381
17.754
15.456
16.087
15.767
17.906
16.171
15.488
16.723
21.140
17.329
17.365
17.166
17.102
16.126
18.271
17.561
16.465
17.622
16.153
15.590
16.812
17.397
16.357
17.456
19.718
16.210
15.729
17.541
17.481
17.462
17.189
17.318
15.829
21.444
18.664
15.895
15.403
17.974
24.213
16.517
16.606
21.395
17.243
16.420
17.302
17.248
17.527
15.192
15.743
15.892
16.036
15.962
16.820
15.375
21.894
16.385
16.333
16.158
16.802
17.820
16.869
17.323
18.049
16.038
22.764
17.771
17.394
17.571
18.715
19.623
18.476
22.552
16.541
17.611
19.467
17.161
17.029
15.712
16.015
16.593
17.602
19.252
17.809
16.468
16.673
17.529
17.743
17.059
18.647
19.387
22.270
16.765
18.417
17.227
16.552
16.604
17.649
18.966
19.029
21.641
17.279
20.857
19.025
18.812
18.091
22.987
16.775
19.089
16.814
17.126
18.082
17.112
17.386
17.239
16.354
20.227
22.729
17.861
16.370
21.875
23.591
20.923
23.546
22.180
17.458
17.871
15.465
16.412
21.456
18.559
15.602
18.167
15.694
17.318
17.801
16.164
17.861
16.573
17.756
19.258
18.084
18.532
17.300
15.551
15.648
15.517
17.145
17.422
17.766
16.116
16.869
17.065
22.381
17.349
18.769
21.082
16.024
16.085
21.721
16.769
15.170
16.083
19.621
21.229
18.217
21.294
16.811
15.099
20.090
17.982
16.441
20.546
20.017
21.209
14.849
16.326
21.101
16.339
20.760
21.062
15.239
17.904
20.849
22.280
16.136
17.463
16.488
16.067
14.720
15.518
17.080
16.136
17.189
20.726
17.037
17.700
16.174
15.860
18.524
15.654
22.823
16.347
18.315
17.106
25.900
16.277
16.467
16.173
15.500
22.259
16.495
15.558
16.316
22.039
20.650
16.411
16.093
20.199
16.638
17.199
15.963
15.749
16.279
20.672
18.116
15.818
17.879
16.560
17.107
15.329
18.975
20.441
15.352
15.781
22.208
15.963
16.559
15.752
16.077
16.219
16.416
15.730
15.258
16.438
16.891
15.714
17.821
19.754
15.659
16.149
16.168
16.217
20.399
15.478
22.033
14.792
16.003
15.014
16.801
15.733
20.566
16.596
15.989
17.311
16.418
16.920
16.297
15.725
16.407
15.555
16.213
16.267
16.759
22.612
19.747
18.078
20.566
20.199
15.322
18.061
15.730
16.436
15.279
17.293
16.112
16.641
17.242
15.412
16.571
15.435
16.179
15.597
16.288
15.760
16.951
15.244
17.808
25.979
17.343
15.658
16.914
16.350
15.881
15.770
16.151
22.334
18.346
20.790
15.503
16.373
16.015
18.202
20.574
16.595
15.913
16.876
21.401
16.343
17.352
15.805
16.577
16.426
17.139
16.373
16.102
17.315
15.378
16.368
21.080
15.867
20.441
17.139
15.974
16.431
16.396
17.073
16.348
17.942
16.217
15.973
17.623
20.741
15.478
17.171
16.141
16.027
17.109
15.779
21.905
16.744
15.390
20.987
21.251
15.312
16.726
16.149
16.671
21.673
16.850
16.507
15.654
16.383
16.631
17.054
17.241
20.334
16.271
17.174
16.963
19.802
18.714
16.333
15.166
16.917
14.401
17.041
17.109
20.734
14.827
17.528
20.572
15.193
16.396
16.765
17.018
15.779
17.926
15.522
21.389
15.063
15.778
24.366
17.938
14.528
19.873
20.708
24.029
15.023
15.475
16.882
21.074
15.365
17.573
15.157
20.200
17.249
15.185
21.680
16.502
16.394
16.355
21.415
18.124
15.528
15.819
17.037
20.786
16.481
16.955
20.199
15.858
21.997
15.050
16.063
18.527
